886
1966
431
1167
1911
1528
1642
791
1765
1964
472
1650
2062
460
730
357
937
920
644
1863
1929
925
375
774
1009
766
587
708
1070
1615
353
1123
508
229
1585
95
818
592
2027
1457
469
995
195
1000
1885
1078
231
323
21
1091
794
948
2070
1845
1503
395
1688
1990
177
1022
1375
90
332
1583
312
1604
862
1614
1159
537
1881
1760
1397
1836
363
273
198
1961
1487
58
1416
1453
1385
1317
320
1289
634
529
1684
1515
503
73
711
1945
958
580
1731
159
430
2073
1174
1027
1474
1654
176
1429
1726
74
1019
193
1931
836
1878
2052
523
1801
1865
1953
1104
2049
1538
491
2010
1702
399
1114
234
1339
1448
724
944
294
1996
2092
964
415
1088
1358
239
175
1667
1295
1586
1934
186
255
674
518
1366
1291
1713
759
1344
27
1638
623
1124
727
1550
513
607
2038
428
834
1828
2006
1239
643
1992
425
1594
1341
1346
89
515
303
1497
1033
974
465
180
455
9
697
1906
1116
1762
1915
842
1830
20
382
2063
1376
908
161
1303
969
434
105
1122
1606
2037
1367
1390
1210
1351
1806
1477
471
